N40_t30_Tr3_s10122_x10
-------------------------------------------------------
iter   objective    log-like      kl-div     f-prior
-------------------------------------------------------
   0    7710.858   -3358.861    4245.260    -106.738
   1    6870.564   -2909.025    3858.568    -102.971
   2    6050.157   -2440.739    3509.251    -100.167
   3    5248.205   -1955.104    3195.157     -97.944
   4    4459.678   -1450.553    2913.009     -96.115
   5    3677.992    -923.628    2659.790     -94.575
   6    2895.273    -369.186    2432.830     -93.256
   7    2102.522     219.403    2229.809     -92.116
   8    1290.120     849.696    2048.693     -91.123
   9     449.310    1528.549    1887.607     -90.253
  10    -424.205    2258.357    1744.666     -89.487
  11   -1323.811    3030.460    1617.843     -88.807
  12   -2227.100    3820.219    1504.922     -88.197
  13   -3103.562    4595.238    1404.031     -87.645
  14   -3936.574    5338.415    1314.702     -87.139
  15   -4719.896    6043.774    1237.207     -86.670
  16   -5449.411    6706.643    1170.999     -86.232
  17   -6127.622    7328.259    1114.819     -85.817
  18   -6760.156    7912.848    1067.271     -85.421
  19   -7349.637    8461.759    1027.080     -85.042
  20   -7897.917    8975.806     993.211     -84.678
  21   -8408.495    9457.688     964.867     -84.326
  22   -8886.652    9912.048     941.411     -83.985
  23   -9338.687   10344.624     922.283     -83.653
  24   -9770.802   10761.081     906.949     -83.330
  25  -10188.269   11166.169     894.886     -83.014
  26  -10595.207   11563.502     885.590     -82.704
  27  -10994.596   11955.593     878.596     -82.401
  28  -11388.667   12344.254     873.483     -82.104
  29  -11778.977   12730.681     869.892     -81.812
  30  -12166.445   13115.487     867.517     -81.525
  31  -12551.568   13498.920     866.108     -81.244
  32  -12934.915   13881.342     865.460     -80.967
  33  -13316.608   14262.712     865.410     -80.694
  34  -13696.782   14643.032     865.823     -80.426
  35  -14075.584   15022.343     866.597     -80.162
  36  -14453.170   15400.718     867.646     -79.902
  37  -14829.557   15778.107     868.904     -79.646
  38  -15204.889   16154.600     870.319     -79.393
  39  -15579.320   16530.310     871.847     -79.143
  40  -15952.851   16905.202     873.455     -78.896
  41  -16325.632   17279.401     875.117     -78.652
  42  -16697.870   17653.090     876.810     -78.410
  43  -17069.772   18026.460     878.517     -78.171
  44  -17441.546   18399.703     880.225     -77.933
  45  -17813.394   18773.012     881.921     -77.697
  46  -18185.514   19146.573     883.597     -77.463
  47  -18557.958   19520.433     885.245     -77.230
  48  -18930.717   19894.575     886.859     -76.998
  49  -19303.866   20269.069     888.435     -76.768
  50  -19677.446   20643.951     889.967     -76.538
  51  -20051.183   21018.945     891.453     -76.310
  52  -20425.150   21394.122     892.889     -76.082
  53  -20799.239   21769.367     894.274     -75.855
  54  -21173.111   22144.344     895.604     -75.629
  55  -21546.382   22518.665     896.879     -75.404
  56  -21918.241   22891.517     898.097     -75.179
  57  -22288.346   23262.557     899.255     -74.956
  58  -22656.632   23631.718     900.353     -74.734
  59  -23022.854   23998.752     901.387     -74.512
  60  -23386.704   24363.351     902.357     -74.290
  61  -23747.597   24724.927     903.260     -74.069
  62  -24105.058   25083.001     904.095     -73.848
  63  -24459.007   25437.493     904.858     -73.628
  64  -24809.092   25788.046     905.547     -73.408
  65  -25155.163   26134.509     906.159     -73.187
  66  -25497.280   26476.939     906.692     -72.967
  67  -25835.553   26815.440     907.141     -72.746
  68  -26170.294   27150.323     907.505     -72.523
  69  -26501.555   27481.636     907.780     -72.300
  70  -26829.393   27809.434     907.965     -72.076
  71  -27153.870   28133.779     908.058     -71.851
  72  -27475.014   28454.699     908.060     -71.625
  73  -27792.933   28772.302     907.972     -71.397
  74  -28107.955   29086.920     907.796     -71.168
  75  -28420.325   29398.800     907.538     -70.937
  76  -28729.787   29707.693     907.202     -70.704
  77  -29036.172   30013.440     906.798     -70.470
  78  -29339.254   30315.822     906.335     -70.233
  79  -29638.871   30614.685     905.821     -69.994
  80  -29934.433   30909.453     905.268     -69.752
  81  -30225.868   31200.061     904.686     -69.507
  82  -30512.863   31486.205     904.084     -69.259
  83  -30794.893   31767.370     903.470     -69.007
  84  -31071.923   32043.523     902.850     -68.750
  85  -31343.729   32314.445     902.228     -68.488
  86  -31609.756   32579.581     901.604     -68.221
  87  -31868.563   32837.489     900.978     -67.948
  88  -32119.603   33087.617     900.346     -67.668
  89  -32361.664   33328.746     899.700     -67.382
  90  -32593.547   33559.667     899.033     -67.088
  91  -32813.608   33778.726     898.332     -66.785
  92  -33020.295   33984.355     897.587     -66.473
  93  -33211.992   34174.923     896.782     -66.148
  94  -33387.002   34348.713     895.904     -65.808
  95  -33544.046   34504.429     894.934     -65.449
  96  -33682.565   34641.483     893.853     -65.065
  97  -33802.564   34759.853     892.635     -64.654
  98  -33905.252   34860.719     891.254     -64.212
  99  -33991.699   34945.125     889.686     -63.740
 100  -34063.249   35014.401     887.910     -63.241
 101  -34121.819   35070.452     885.918     -62.715
 102  -34170.248   35116.125     883.710     -62.167
 103  -34212.312   35155.221     881.302     -61.606
 104  -34251.204   35190.961     878.716     -61.042
 105  -34288.231   35224.687     875.979     -60.478
 106  -34323.670   35256.710     873.122     -59.918
 107  -34357.550   35287.089     870.175     -59.365
 108  -34389.896   35315.878     867.164     -58.818
 109  -34420.759   35343.145     864.108     -58.278
 110  -34450.194   35368.960     861.024     -57.742
 111  -34478.243   35393.376     857.921     -57.211
 112  -34504.954   35416.448     854.809     -56.685
 113  -34530.368   35438.221     851.692     -56.161
 114  -34554.527   35458.743     848.575     -55.641
 115  -34577.482   35478.066     845.460     -55.124
 116  -34599.278   35496.237     842.350     -54.609
 117  -34619.969   35513.312     839.246     -54.097
 118  -34639.607   35529.342     836.148     -53.587
 119  -34658.245   35544.382     833.057     -53.081
 120  -34675.939   35558.490     829.973     -52.578
 121  -34692.767   35571.744     826.898     -52.079
 122  -34708.804   35584.219     823.832     -51.583
 123  -34724.118   35595.983     820.773     -51.092
 124  -34738.785   35607.113     817.723     -50.605
 125  -34752.881   35617.684     814.681     -50.122
 126  -34766.429   35627.724     811.650     -49.644
 127  -34779.537   35637.335     808.624     -49.174
 128  -34791.235   35645.582     805.630     -48.717
 129  -34798.615   35649.533     802.621     -48.297
 130  -34782.212   35629.989     799.820     -47.956
 131  -34773.160   35617.699     796.835     -47.704
 132  -34741.909   35584.019     794.608     -47.502
 133  -34803.763   35642.886     791.814     -47.309
 134  -34763.675   35600.615     789.850     -47.090
 135  -34809.990   35644.183     787.295     -46.898
 136  -34768.185   35600.437     785.555     -46.697
 137  -34823.878   35653.573     783.178     -46.517
 138  -34778.518   35606.429     781.591     -46.320
 139  -34834.119   35659.622     779.358     -46.146
 140  -34786.285   35610.141     777.899     -45.957
 141  -34845.121   35666.693     775.781     -45.790
 142  -34794.543   35614.576     774.424     -45.609
 143  -34855.393   35673.246     772.405     -45.448
 144  -34802.197   35618.605     771.135     -45.273
 145  -34865.683   35680.002     769.200     -45.118
 146  -34809.864   35622.819     768.006     -44.949
 147  -34875.813   35686.760     766.147     -44.800
 148  -34817.563   35627.219     765.019     -44.637
 149  -34885.762   35693.484     763.229     -44.493
 150  -34825.204   35631.702     762.163     -44.335
 151  -34895.539   35700.172     760.437     -44.196
 152  -34832.729   35636.200     759.428     -44.043
 153  -34905.217   35706.888     757.762     -43.909
 154  -34840.205   35640.771     756.805     -43.761
 155  -34914.778   35713.606     755.197     -43.631
 156  -34847.555   35645.334     754.290     -43.488
 157  -34924.398   35720.496     752.735     -43.363
 158  -34854.958   35650.057     751.876     -43.224
 159  -34933.877   35727.351     750.372     -43.102
 160  -34862.540   35655.064     749.557     -42.967
 161  -34943.226   35734.178     748.103     -42.849
 162  -34870.108   35660.156     747.330     -42.718
 163  -34952.513   35741.039     745.923     -42.604
 164  -34877.691   35665.358     745.189     -42.477
 165  -34961.737   35747.929     743.827     -42.366
 166  -34885.217   35670.591     743.131     -42.243
 167  -34970.885   35754.830     741.810     -42.135
 168  -34892.773   35675.936     741.149     -42.015
 169  -34979.924   35761.702     739.868     -41.910
 170  -34900.272   35681.305     739.239     -41.794
 171  -34988.946   35768.632     737.994     -41.692
 172  -34907.748   35686.721     737.395     -41.579
 173  -34997.966   35775.630     736.185     -41.479
 174  -34915.205   35692.187     735.613     -41.369
 175  -35006.909   35782.616     734.435     -41.273
 176  -34922.633   35697.686     733.887     -41.165
 177  -35015.795   35789.604     732.738     -41.071
 178  -34930.043   35703.222     732.212     -40.967
 179  -35024.673   35796.637     731.089     -40.875
 180  -34937.458   35708.813     730.582     -40.774
 181  -35033.504   35803.672     729.484     -40.684
 182  -34944.871   35714.450     728.993     -40.585
 183  -35042.343   35810.758     727.917     -40.498
 184  -34952.332   35720.174     727.441     -40.401
 185  -35051.616   35818.317     726.385     -40.316
 186  -34960.145   35726.286     725.918     -40.222
 187  -35060.952   35825.971     724.880     -40.139
 188  -34968.122   35732.591     724.422     -40.047
 189  -35070.284   35833.650     723.401     -39.966
 190  -34976.256   35739.081     722.949     -39.876
 191  -35079.758   35841.497     721.942     -39.797
 192  -34984.678   35745.879     721.493     -39.708
 193  -35089.276   35849.408     720.501     -39.631
 194  -34993.452   35753.050     720.053     -39.545
 195  -35098.781   35857.325     719.074     -39.470
 196  -35002.652   35760.661     718.624     -39.385
 197  -35108.323   35865.294     717.659     -39.312
 198  -35012.308   35768.743     717.206     -39.229
 199  -35117.837   35873.248     716.253     -39.158

N40_t30_Tr3_s10122_x10'_lscale2'
 ---------------------------------------------------
   0    7720.489   -3359.434    4254.056    -107.000
   1    6881.775   -2910.222    3868.312    -103.241
   2    6062.921   -2442.587    3519.892    -100.442
   3    5262.765   -1957.666    3206.875     -98.224
   4    4476.387   -1453.903    2926.085     -96.399
   5    3697.254    -927.849    2674.542     -94.862
   6    2917.459    -374.354    2449.557     -93.547
   7    2127.857     213.268    2248.714     -92.411
   8    1318.575     842.687    2069.839     -91.423
   9     480.607    1520.895    1910.944     -90.558
  10    -390.421    2250.335    1770.116     -89.798
  11   -1287.749    3022.206    1645.333     -89.124
  12   -2188.734    3811.611    1534.356     -88.521
  13   -3062.778    4586.074    1435.319     -87.976
  14   -3893.484    5328.779    1347.816     -87.479
  15   -4674.804    6033.900    1272.076     -87.019
  16   -5403.050    6696.920    1207.279     -86.591
  17   -6081.367    7319.354    1151.800     -86.187
  18   -6715.540    7905.385    1104.042     -85.802
  19   -7307.808    8456.077    1062.833     -85.435
  20   -7859.235    8971.752    1027.433     -85.083
  21   -8372.635    9454.742     997.362     -84.744
  22   -8852.929    9909.543     972.199     -84.416
  23   -9306.364   10341.942     951.480     -84.097
  24   -9739.261   10757.737     934.690     -83.786
  25  -10157.064   11161.831     921.285     -83.483
  26  -10564.021   11557.943     910.737     -83.186
  27  -10963.222   11948.676     902.559     -82.895
  28  -11356.949   12335.877     896.319     -82.609
  29  -11746.800   12720.778     891.650     -82.328
  30  -12133.732   13104.026     888.242     -82.053
  31  -12518.264   13485.886     885.840     -81.781
  32  -12900.957   13866.710     884.238     -81.515
  33  -13282.002   14246.521     883.267     -81.252
  34  -13661.547   14625.333     882.793     -80.994
  35  -14039.698   15003.144     882.707     -80.739
  36  -14416.612   15380.021     882.922     -80.488
  37  -14792.313   15755.923     883.369     -80.240
  38  -15166.935   16130.924     883.994     -79.995
  39  -15540.650   16505.156     884.753     -79.753
  40  -15913.465   16878.588     885.609     -79.514
  41  -16285.497   17251.309     886.535     -79.278
  42  -16656.947   17623.497     887.507     -79.043
  43  -17028.018   17995.337     888.508     -78.811
  44  -17398.914   18367.017     889.523     -78.580
  45  -17769.833   18738.723     890.540     -78.351
  46  -18140.968   19110.640     891.548     -78.123
  47  -18512.378   19482.816     892.541     -77.897
  48  -18884.044   19855.228     893.513     -77.671
  49  -19256.069   20227.974     894.458     -77.447
  50  -19628.506   20601.103     895.373     -77.223
  51  -20001.079   20974.336     896.256     -77.001
  52  -20373.841   21347.724     897.103     -76.779
  53  -20746.699   21721.172     897.914     -76.558
  54  -21119.295   22094.321     898.688     -76.338
  55  -21491.301   22466.843     899.425     -76.118
  56  -21861.912   22837.936     900.124     -75.899
  57  -22230.752   23207.219     900.786     -75.681
  58  -22597.760   23574.635     901.411     -75.464
  59  -22962.722   23939.966     901.997     -75.248
   60  -23325.380   24302.956     902.544     -75.031
  61  -23685.145   24663.014     903.053     -74.816
  62  -24041.474   25019.597     903.523     -74.600
  63  -24394.285   25372.623     903.953     -74.385
  64  -24743.267   25721.777     904.341     -74.169
  65  -25088.187   26066.827     904.686     -73.954
  66  -25429.143   26407.867     904.986     -73.738
  67  -25766.202   26744.961     905.238     -73.522
  68  -26099.629   27078.371     905.438     -73.305
  69  -26429.502   27408.173     905.584     -73.087
  70  -26755.978   27734.519     905.675     -72.867
  71  -27079.035   28057.388     905.707     -72.646
  72  -27398.771   28376.874     905.679     -72.424
  73  -27715.253   28693.045     905.590     -72.201
  74  -28028.764   29006.181     905.441     -71.976
  75  -28339.579   29316.558     905.230     -71.749
  76  -28647.628   29624.109     904.960     -71.520
  77  -28952.686   29928.610     904.634     -71.289
  78  -29254.516   30229.828     904.256     -71.056
  79  -29553.016   30527.665     903.829     -70.820
  80  -29847.664   30821.603     903.357     -70.582
  81  -30138.333   31111.518     902.845     -70.340
  82  -30424.807   31397.198     902.296     -70.095
  83  -30706.597   31678.153     901.711     -69.845
  84  -30983.568   31954.250     901.090     -69.592
  85  -31255.602   32225.366     900.431     -69.333
  86  -31522.375   32491.173     899.730     -69.068
  87  -31782.493   32750.274     898.985     -68.797
  88  -32035.298   33002.004     898.186     -68.520
  89  -32279.734   33245.295     897.324     -68.237
  90  -32514.523   33478.857     896.388     -67.946
  91  -32738.279   33701.290     895.363     -67.648
   92  -32949.420   33910.994     894.234     -67.340
  93  -33146.397   34106.400     892.982     -67.021
  94  -33327.382   34285.656     891.587     -66.688
  95  -33491.123   34447.484     890.023     -66.338
  96  -33636.628   34590.858     888.261     -65.968
  97  -33764.006   34715.845     886.267     -65.571
  98  -33873.448   34822.609     884.014     -65.148
  99  -33966.672   34912.836     881.469     -64.695
 100  -34044.718   34987.555     878.621     -64.216
 101  -34109.132   35048.306     875.462     -63.711
 102  -34162.404   35097.576     871.990     -63.182
 103  -34207.592   35138.481     868.251     -62.639
 104  -34248.410   35174.789     864.291     -62.089
 105  -34286.997   35208.688     860.153     -61.537
 106  -34323.962   35240.836     855.885     -60.989
 107  -34359.378   35271.350     851.526     -60.447
 108  -34393.267   35300.288     847.111     -59.910
 109  -34425.668   35327.711     842.663     -59.380
 110  -34456.631   35353.688     838.202     -58.856
 111  -34486.205   35378.282     833.740     -58.337
 112  -34514.438   35401.547     829.287     -57.822
 113  -34541.366   35423.528     824.850     -57.311
 114  -34567.015   35444.257     820.438     -56.805
 115  -34591.431   35463.786     816.053     -56.302
 116  -34614.667   35482.169     811.700     -55.802
 117  -34636.765   35499.452     807.382     -55.305
 118  -34657.780   35515.693     803.100     -54.812
 119  -34677.761   35530.942     798.859     -54.322
 120  -34696.757   35545.252     794.660     -53.836
  121  -34714.818   35558.680     790.508     -53.354
 122  -34732.014   35571.295     786.405     -52.877
 123  -34748.421   35583.175     782.351     -52.404
 124  -34764.101   35594.385     778.348     -51.936
 125  -34779.119   35604.992     774.399     -51.473
 126  -34793.542   35615.062     770.505     -51.016
 127  -34807.439   35624.670     766.666     -50.564
 128  -34820.854   35633.858     762.886     -50.118
 129  -34833.873   35642.715     759.163     -49.679